17 64 1 40
28 64 1 40
39 64 1 40
50 64 1 40
61 64 1 40
72 64 1 40
83 64 1 40
94 64 0 40
96 72 1 36
106 64 1 40
117 64 1 40
128 64 1 40
139 64 1 40
150 64 1 40
161 64 1 40
172 64 1 40
183 64 0 40
185 72 1 36
195 64 1 40
206 64 1 40
217 64 1 40
228 64 1 40
239 64 1 40
250 64 1 40
261 64 1 40
272 64 0 40
274 72 1 36
284 64 1 40
295 64 1 40
306 64 1 40
317 64 1 40
328 64 1 40
339 64 1 40
350 64 1 40
361 64 0 40
363 72 1 36
373 64 1 40
384 64 1 40
395 64 1 40
406 64 1 40
417 64 1 40
428 64 1 40
439 64 1 40
450 64 0 40
452 72 1 36
462 64 1 40
473 64 1 40
484 64 1 40
495 64 1 40
506 64 1 40
517 64 1 40
528 64 1 40
539 64 0 40
541 72 1 36
551 64 1 40
562 64 1 40
573 64 1 40
584 64 1 40
595 64 1 40
606 64 1 40
617 64 1 40
628 64 0 40
630 72 1 36
640 64 1 40
651 64 1 40
662 64 1 40
673 64 1 40
684 64 1 40
695 64 1 40
706 64 1 40
717 64 0 40
719 72 1 36
729 64 1 40
740 64 1 40
751 64 1 40
762 64 1 40
773 64 1 40
784 64 1 40
795 64 1 40
806 64 0 40
808 72 1 36
818 64 1 40
829 64 1 40
840 64 1 40
851 64 1 40
862 64 1 40
873 64 1 40
884 64 1 40
895 64 0 40
897 72 0 36
898 76 1 80
-1 -1 -1 -1
-2 -2 -2 -2
